 10 20 
 5000 7500. 
 5000 7500. 
 5000 7500. 
 5000 7500. 
 5000 7500. 
 5000 7500. 
 5000 7500. 
 5000 7500. 
 5000 7500. 
 5000 7500. 
 146 
 6739.72500 10355.05000 7650.40000 5219.50000 5776.12500 6641.17500 4374.52500 
 3847.10000 6429.47500 5396.52500 
 87 
 3204.86250 5457.07500 3845.40000 2396.85000 2628.48750 3220.08750 1838.96250 
 2266.35000 3117.86250 2582.81250 
 672 
 4914.00000 26409.60000 19622.40000 13876.80000 9147.60000 14977.20000 21848.40000 
 35330.40000 15111.60000 23679.60000 
 1337 
 32372.11250 29982.22500 21024.32500 29681.40000 21275.01250 20071.71250 64292.98750 
 80186.57500 25921.08750 69206.46250 
 31 
 1715.46250 2152.17500 1577.90000 1061.75000 1250.46250 1363.61250 1524.03750 
 955.57500 1318.66250 1789.08750 
 559 
 6421.51250 23701.60000 16197.02500 10383.42500 7483.61250 12332.93750 15840.66250 
 27251.25000 12444.73750 17769.21250 
 2370 
 81972.37500 28499.25000 43134.00000 65767.50000 58805.62500 48555.37500 138615.37500 
 155294.25000 53176.87500 147325.12500 
 108 
 33391.46250 26544.37500 6370.65000 16770.60000 13571.66250 8861.73750 51550.53750 
 57907.57500 10985.28750 57376.68750 
 33 
 2020.83750 2480.77500 1869.45000 1324.95000 1525.83750 1646.28750 1817.06250 
 1211.92500 1593.48750 2099.21250 
 32 
 1459.60000 1995.20000 1402.40000 869.60000 1050.80000 1181.20000 1133.20000 
 546.40000 1134.80000 1406.80000 
 549 
 141015.43750 205925.12500 104130.25000 12638.50000 46089.31250 66146.06250 198300.81250 
 220212.12500 58178.31250 241573.93750 
 904 
 17684.50000 32069.40000 15322.80000 8429.80000 1231.70000 9073.90000 32781.30000 
 41335.40000 9254.70000 37595.10000 
 146 
 38207.62500 42477.35000 15319.70000 15832.80000 11526.42500 5185.97500 62653.17500 
 71210.95000 11563.07500 70496.27500 
 143 
 1953.73750 5044.32500 4089.80000 3428.42500 2289.78750 3530.31250 5553.76250 
 8308.30000 3558.91250 5947.01250 
 615 
 17181.56250 36054.37500 25399.50000 16297.50000 15828.56250 21148.31250 7310.81250 
 21709.50000 20779.31250 12569.06250 
 564 
 25640.85000 35602.50000 25154.40000 15763.80000 18421.65000 21255.75000 18478.05000 
 8135.70000 20437.95000 23300.25000 
 226 
 7031.42500 10492.05000 6305.40000 2542.50000 3918.27500 4743.17500 6856.27500 
 7119.00000 4415.47500 8788.57500 
 3016 
 78453.70000 92515.80000 36644.40000 27445.60000 23562.50000 23034.70000 126332.70000 
 141375.00000 11423.10000 144881.10000 
 253 
 9452.71250 12441.27500 7754.45000 3542.00000 5082.13750 6005.58750 10274.96250 
 10214.87500 5638.73750 12438.11250 
 195 
 8597.06250 14113.12500 10500.75000 7254.00000 7875.56250 9152.81250 5467.31250 
 6371.62500 8870.06250 6729.93750 
 